20040102	20600	13.8	
20040103	23600	-15.166039396388005	
20040104	27800	-3.586300913130284	
20040105	24100	8.645172111230357	
20040106	23500	15.34139835061288	
20040107	20900	4.310706269755128	
20040108	22500	18.927699263743165	
20040109	15900	13.843669548483959	
20040110	19400	24.508518927099608	
20040111	18100	-3.2993153756716764	
20040112	21400	1.6843873233692208	
20040113	24900	-3.1834742547610038	
20040114	26400	-13.329776402789145	
20040115	24400	-10.69443188703247	
20040116	29600	-6.942106184614625	
20040117	25500	-3.6062445840513924	
20040118	27500	2.7577599952283207	
20040119	27500	5.514923416868365	
20040120	29500	9.369480515003962	
20040121	31600	8.846842078321112	
20040122	23800	20.188558936750262	
20040123	25900	15.314490850572929	
20040124	22300	24.65157180739688	
20040125	25500	-14.937866640820072	
20040126	31300	4.775586357669897	
20040127	32000	-31.720772546282753	
20040128	29400	-12.50704746110577	
20040129	26300	-14.843301001567008	
20040130	29700	-13.329776402789141	
20040131	33700	-9.03932442880394	
20040201	24200	-28.67032155011472	
20040202	34800	-3.7657889073781105E-15	
20040203	24600	22.18745874138669	
20040204	22100	-9.03932442880394	
20040205	24600	13.177145998574053	
20040206	39200	1.3421984383139314	
20040207	36300	11.242997820866103	
20040208	33700	10.000000000000004	
20040209	36200	3.8500000000000005	
20040210	32900	10.241277993514146	
20040211	33300	51.70240703314092	
20040212	31500	-156.41882159371923	
20040213	25100	16.903701960058694	
20040214	26100	13.249389484620215	
20040215	26900	38.50598314277734	
20040216	24600	33.98654201387438	
20040217	29800	3.1834742547609993	
20040218	22700	43.17688443512135	
20040219	16600	38.01357926627123	
20040220	21400	16.200000000000003	
20040221	26500	-5.063748653638944	
20040222	43900	-3.3065463576978533E-15	
20040223	29200	1.2986205669401025	
20040224	26800	1.115593507170021	
20040225	28100	-22.51400017687345	
20040226	31900	-8.2	
20040227	36200	-6.201971297186995	
20040228	35400	-5.592252204272894	
20040229	30700	0.9412820216747052	
20040301	34300	14.410293813882737	
20040302	34200	6.307470741025235	
20040303	22700	39.21658854733617	
20040304	21500	28.942532720205968	
20040305	22500	24.820306941956446	
20040306	27700	3.8500000000000005	
20040307	32500	7.126622785314227	
20040308	27200	16.8356903977505	
20040309	20400	19.827514298582667	
20040310	20400	16.3135401666597	
20040311	19900	7.584893794301164	
20040312	21500	-1.9929066472894088	
20040313	20800	-5.609130350540978	
20040314	24700	-18.103260178786723	
20040315	31800	-8.241056103943633	
20040316	29900	-3.2782168094013513	
20040317	23300	17.805216788317136	
20040318	30100	-16.643251025906316	
20040319	25100	-1.3226185430791413E-15	
20040320	25800	-0.8660254037844386	
20040321	27900	-4.6280707897430835	
20040322	27800	-10.863110603702514	
20040323	28300	-10.88944443027283	
20040324	29000	10.241277993514146	
20040325	30500	4.587251448018352	
20040326	26900	10.550000000000002	
20040327	29800	-5.719900896765706	
20040328	41800	6.505382386916236	
20040329	29800	7.34177838529339	
20040330	36700	2.0132976574708974	
20040331	24200	25.79021956191812	
20040401	20600	37.42269461446391	
20040402	20300	15.320888862379556	
20040403	25800	8.546288901630586	
20040404	21600	1.7082056976766338	
20040405	22300	-5.514923416868365	
20040406	21800	2.510525938252074E-16	
20040407	23600	-9.115018421623311	
20040408	26300	-2.0568755288447345	
20040409	26800	-27.768424738458503	
20040410	29300	-4.548867906231402	
20040411	35300	-1.4488887394336023	
20040412	32800	4.1	
20040413	28800	18.922412223075703	
20040414	29200	1.3421984383139314	
20040415	27100	13.788582233137674	
20040416	20200	14.848393783759056	
20040417	22100	-5.6262009564085425	
20040418	23600	10.000000000000004	
20040419	22800	18.078648857607877	
20040420	26100	16.792616907924327	
20040421	23000	12.8	
20040422	26400	26.029485595769653	
20040423	32800	4.416538559903055	
20040424	27000	6.498382723187707	
20040425	28000	5.022519540362261	
20040426	25500	8.400446416709055	
20040427	23800	-2.8478301137376567	
20040428	12200	6.978569960182206	
20040429	26600	-1.5732926592980792	
20040430	28300	7.900665310822954	
20040501	29600	8.886517601859428	
20040502	23700	3.386139464505134	
20040503	22800	-2.135872585303243	
20040504	24200	-14.142135623730955	
20040505	26700	5.276903214429623	
20040506	22500	10.161185920535804	
20040507	21800	8.200000000000001	
20040508	22000	4.564277226799548	
20040509	24700	4.4627581660401	
20040510	28800	1.9697197860970683	
20040511	35100	10.219099764656374	
20040512	37500	9.256141579486167	
20040513	26500	0.7582549619046237	
20040514	30900	11.300000000000002	
20040515	36000	-8.846842078321114	
20040516	35000	6.201971297186995	
20040517	24600	28.17883032354131	
20040518	28800	-18.103260178786723	
20040519	29700	-1.0611580849203346	
20040520	31800	-15.839495699658755	
20040521	30300	-15.84118355114072	
20040522	28000	-5.892147540363316	
20040523	28200	-15.88080529128185	
20040524	27400	7.212489168102785	
20040525	32800	11.558219235666673	
20040526	30200	7.047608876694598	
20040527	26400	-10.161185920535804	
20040528	30800	-6.007327293374469	
20040529	33500	-2.4148145657226707	
20040530	29200	15.588457268119896	
20040531	26400	8.56782745120621	
20040602	25700	28.784589623414234	
20040603	26400	25.102290732122434	
20040604	26100	9.693441774332678	
20040605	26700	8.773965628975438	
20040606	35100	-5.609130350540978	
20040607	39500	3.6767788771440797	
20040608	29800	20.421991310880784	
20040609	29200	-0.9724297949348099	
20040610	31200	7.395819580462229	
20040611	29800	7.967433714816833	
20040612	25500	-0.4880721593868862	
20040613	31800	24.436817735495392	
20040614	29800	-24.606009042866113	
20040615	16300	-0.3882285676537813	
20040616	26900	9.000000000000002	
20040617	29300	21.052207538227083	
20040618	27700	-1.4144670530151929E-15	
20040619	27600	-4.792432366008133	
20040620	30300	-19.263698726111123	
20040621	31300	-15.980613254815978	
20040622	26400	-33.42858058607933	
20040623	27600	-13.336791218280357	
20040624	33400	-2.4142140741101334	
20040625	25300	-28.78458962341424	
20040626	13100	-8.400446416709055	
20040627	25200	-32.17392643980108	
20040628	25300	-28.059223082615812	
20040629	23100	-25.79021956191813	
20040630	21600	-6.930939492547469	
20040701	22100	-14.202816622064796	
20040702	28600	-29.267552536558764	
20040703	22700	-20.2330554939381	
20040704	35900	-23.858367909339982	
20040705	23200	-17.93150456565142	
20040706	27800	1.0284377644223688	
20040707	27900	-32.6270803333194	
20040708	26600	-36.979284741595535	
20040709	31100	-16.903701960058694	
20040710	33500	5.4091846272187825	
20040711	16200	-4.3225860556151785	
20040712	26800	-9.2	
20040713	27200	-7.67069917530644	
20040714	24000	-14.17182219770109	
20040715	25100	-27.33570088398064	
20040716	23500	-33.22784842434395	
20040717	26700	-16.324146464285253	
20040718	27100	10.185100107950841	
20040719	23600	-13.024517504194971	
20040720	22000	-19.8014794389259	
20040721	34000	-9.164991222444058	
20040722	26800	11.242997820866103	
20040723	23600	-1.9622244076363127	
20040724	22900	7.915354821644435	
20040725	22600	1.7443027309609118	
20040726	23700	6.151828996322962	
20040727	24500	-10.635923732531847	
20040728	25600	-26.351928843292846	
20040729	23000	-1.0720156357961965	
20040730	21800	-7.090615821687898	
20040731	22200	-0.8856057061013445	
20040801	22100	-9.422346650363428	
20040802	24100	-8.999999999999996	
20040803	26100	-13.249615679709171	
20040804	23400	9.40452018978108	
20040805	21100	15.56388884149084	
20040806	21300	-2.5005337584037965	
20040807	25200	4.099397138884779	
20040808	23900	11.12832760903795	
20040809	20300	37.767699807902574	
20040810	22700	29.839906166072296	
20040811	27800	21.1	
20040812	27200	18.324006105325207	
20040813	32200	2.3140353948715413	
20040814	28700	32.74488551119941	
20040815	29200	6.900000000000001	
20040816	29600	-2.4148145657226707	
20040817	31800	-3.386139464505141	
20040818	29600	-15.027702632397416	
20040819	25700	20.666032999120173	
20040820	23800	-18.324006105325214	
20040821	25900	-18.51283620093122	
20040822	25500	-5.5284775009235645	
20040823	30700	-19.572174125528313	
20040824	32600	6.664586655135106	
20040825	26200	2.155353134877567	
20040826	27300	2.1223161698406665	
20040827	23600	-4.24239822393116	
20040828	23500	-10.889444430272835	
20040829	28900	-8.168796524352313	
20040830	22500	2.100453400218555	
20040831	21200	-4.184921081773021	
20040901	20500	-4.925090063889639	
20040902	19700	-1.8000000000000014	
20040903	20600	2.381135214943187	
20040904	21100	6.900000000000001	
20040905	23900	4.3926494344819575	
20040906	29300	14.45412619604636	
20040907	27800	-3.0540647322097434	
20040908	28100	10.61852661488076	
20040909	22900	42.86835832683355	
20040910	25900	-3.6256788983025827	
20040911	25700	26.739964562960033	
20040912	23200	-6.888638245203861E-15	
20040913	45200	2.309520762970169	
20040914	25900	-22.2566552180759	
20040915	29200	-5.719900896765706	
20040916	32000	1.1591713785438498	
20040917	23200	40.21733326374633	
20040918	25900	1.5975632345357558	
20040919	27400	-14.400000000000011	
20040920	27200	-1.8389861719755891	
20040921	22700	-18.3525906994923	
20040922	22500	-25.96890662173335	
20040923	26100	-25.13299553874369	
20040924	29000	-1.9696155060244158	
20040925	28000	-2.3516633890392904	
20040926	27800	18.078648857607877	
20040927	27200	-2.761006024904192	
20040928	26700	5.406403492307344	
20040929	28500	21.019708129735832	
20040930	22400	34.8668144332111	
20041001	21500	21.706899540154478	
20041002	21000	9.805368871922916	
20041003	19900	-3.300000000000003	
20041004	24300	-23.510194874965194	
20041005	24200	3.9597979746446654	
20041006	30100	2.71892336110995	
20041007	25400	-1.059253883768275	
20041008	31700	-3.1044796358385406E-15	
20041009	31400	8.549075208830972	
20041010	27400	45.625717172601945	
20041011	23300	2.5105447374944467	
20041012	21800	9.339863584469445	
20041013	19700	9.762481846210143	
20041014	20600	5.978719941868219	
20041015	22700	6.508321230806762	
20041016	25100	-4.375934077206645	
20041017	20300	2.8045651752704854	
20041018	21500	-3.673940397442059E-15	
20041019	22500	8.833459118601272	
20041020	22600	-4.917561856947892	
20041021	23000	5.539376867575067	
20041022	23800	-14.74091441422189	
20041023	28600	10.161185920535804	
20041024	25100	4.206847762905729	
20041025	25500	10.185100107950841	
20041026	26200	1.072015635796192	
20041027	25300	-8.546288901630591	
20041028	29600	9.250000000000002	
20041029	25400	21.052207538227083	
20041030	26100	3.4422932998635196	
20041031	23800	-18.000000000000018	
20041101	37800	14.526999978915788	
20041102	26500	43.9776146527805	
20041103	22400	29.76861704661929	
20041104	26200	10.188391093482405	
20041105	25300	-9.663088571489933	
20041106	28100	17.869627786347763	
20041107	22400	29.750515449703308	
20041108	26300	13.016642461613523	
20041109	19900	4.775586357669897	
20041110	24800	-2.911001807771785	
20041111	22700	-3.386139464505141	
20041112	38700	-25.132995538743693	
20041113	36500	9.852443428148497	
20041114	35400	7.142248623417811	
20041115	34000	2.5455844122715714	
20041116	32400	7.534421012924613	
20041117	32200	4.986895488540246	
20041118	29400	2.577971396618263	
20041119	30400	-4.628070789743084	
20041120	30600	1.3199771300228558	
20041121	27600	4.6	
20041122	27300	7.437628862425827	
20041123	31400	18.0	
20041124	24700	19.44424119230046	
20041125	37800	10.894722189043588	
20041126	30600	34.77332974640646	
20041127	24300	20.188558936750262	
20041128	27500	6.717046763169731	
20041129	23400	22.2566552180759	
20041130	28700	-11.620731485544054	
20041201	28900	14.17182219770109	
20041202	27500	7.950000000000001	
20041203	23700	9.422346650363426	
20041204	28700	-13.909331898562584	
20041205	20900	15.154312819346345	
20041206	26600	15.491181393445595	
20041207	29000	-20.364675298172575	
20041208	31200	20.38103493469934	
20041209	25800	12.805333330743176	
20041210	18800	7.915354821644435	
20041211	29100	2.1963247172409788	
20041212	29200	5.7801404222038055	
20041213	21400	9.500000000000002	
20041214	19600	5.461081851663178	
20041215	28000	-11.31039227098015	
20041216	31600	14.11544994213934	
20041217	23500	-13.886017819022177	
20041218	27600	-21.795904581339762	
20041219	26800	-15.950000000000014	
20041220	29900	-12.350000000000012	
20041221	24200	7.558645167497285	
20041222	19700	-9.898929189172708	
20041223	27200	-8.200000000000006	
20041224	25200	-17.384313484539305	
20041225	28700	-19.203751183738056	
20041226	27200	-10.03758763614331	
20041227	24100	5.461081851663178	
20041228	18500	9.786087062764153	
20041229	20100	-20.48255598702829	
